Running ./Serial with initial sample size of 100
797760
802191
751225
745648
768031
744189
761260
783395
816127
855077
1.04918e+06
870355
990559
801482
826968
897412
753814
764561
769915
766628
772115
762095
773701
799179
783773
777554
762082
779315
768945
816169
748901
832362
840834
774993
780122
742176
752423
780118
774026
778104
750763
762733
757209
789932
768719
785949
772728
779097
764526
759885
751499
780471
774288
756875
741217
777701
781065
759410
774393
775512
777893
723669
762719
749030
812947
843106
757213
786717
789389
916231
909928
787712
810289
817592
823203
807301
814059
870206
798549
821003
950933
994471
980252
931719
788484
737214
820941
821513
943718
931100
1.03074e+06
1.008e+06
965237
910571
922739
1.03115e+06
1.02231e+06
907957
1.00302e+06
1.03132e+06
std 83042
mean 821909

Running ./Serial with Calculated sample size of 16
937302
1.0409e+06
1.02172e+06
1.03798e+06
978595
1.01084e+06
1.02313e+06
944027
818280
800990
939438
807768
932141
992669
912433
761841
sample size 16
result mean 935003
result std 88904.1
