Running ./Serial with initial sample size of 100
15391
14634
14936
14894
14669
14928
15491
17718
14631
14773
14808
14936
17616
14634
15062
16750
15029
15828
14730
14866
14865
15362
17554
15181
14842
14901
15544
15867
14948
14760
14665
15263
15879
14720
14574
14794
15295
16019
14812
14892
14805
14883
15913
19484
14700
14712
16988
17362
14755
14762
14716
14840
17607
14908
15180
14735
14818
15878
16955
14875
14973
14733
15657
15208
14523
14519
14760
15225
17945
14757
14779
14729
14757
17600
14537
14775
15867
14508
17135
14952
15907
14503
14740
18246
14627
14584
14505
14614
17572
14528
14524
14564
14603
18846
17404
14806
15184
14748
17495
14506
std 1118.51
mean 15403.8

Running ./Serial with Calculated sample size of 9
14896
14681
14857
16981
14616
14771
16978
15820
17367
sample size 9
result mean 15663
result std 1079.54
