Running ./Serial with initial sample size of 100
149263
141095
136575
138945
143869
148468
139074
139623
137286
140507
149393
157788
157393
139853
144420
140613
147913
141397
154534
138410
141089
148908
148342
150747
141526
146846
139698
142866
137234
145625
138548
161963
143141
139529
148726
193367
193435
171829
140614
164256
141767
154436
142523
143854
141611
140013
140397
177563
156317
144584
137625
142150
145884
141558
156436
144651
152217
144218
145473
202140
294282
171315
168655
142767
147792
148518
147727
146355
146121
145330
142240
180515
142965
155412
157446
139882
141213
138697
154174
141385
139372
140113
142562
139060
148559
212614
142616
140874
151267
159742
166519
172092
146979
142247
183131
159101
162830
142223
144539
144823
std 20303.6
mean 151542

Running ./Serial with Calculated sample size of 28
152149
149315
147738
203703
153144
176250
179126
144974
167011
150675
145997
144297
148146
153725
154673
143809
163721
149382
166318
151019
160043
152011
142413
145226
142202
139394
148053
150085
sample size 28
result mean 154450
result std 13557.4
