Running ./Serial with initial sample size of 100
1.64197e+06
1.58948e+06
1.75394e+06
1.78503e+06
1.58016e+06
1.57564e+06
1.56329e+06
1.57958e+06
1.57939e+06
1.69446e+06
1.63055e+06
1.7563e+06
1.64329e+06
1.54358e+06
1.5668e+06
1.70845e+06
1.643e+06
1.76617e+06
1.77651e+06
1.99003e+06
1.59408e+06
1.87947e+06
1.90685e+06
1.62303e+06
2.03009e+06
1.84362e+06
1.54972e+06
1.49886e+06
1.5534e+06
1.54174e+06
1.5306e+06
1.68e+06
1.57194e+06
1.54872e+06
1.576e+06
1.51777e+06
1.56157e+06
1.60532e+06
1.54545e+06
1.55126e+06
1.56263e+06
1.55758e+06
1.5673e+06
1.63242e+06
1.5166e+06
1.55749e+06
1.56762e+06
1.54414e+06
1.55467e+06
1.54814e+06
1.52918e+06
1.53375e+06
1.53658e+06
1.57511e+06
1.53998e+06
1.54976e+06
1.58644e+06
1.7164e+06
1.56725e+06
1.5112e+06
1.59907e+06
1.50738e+06
1.59929e+06
1.54772e+06
1.53972e+06
1.53109e+06
1.5031e+06
1.54206e+06
1.66994e+06
1.52978e+06
1.69922e+06
1.57994e+06
1.59073e+06
1.6669e+06
1.5308e+06
1.58784e+06
1.53861e+06
1.54692e+06
1.55811e+06
1.53957e+06
1.57073e+06
1.53457e+06
1.54486e+06
1.53564e+06
1.5189e+06
1.52398e+06
1.57976e+06
1.53129e+06
1.55713e+06
1.57671e+06
1.55244e+06
1.53582e+06
1.53333e+06
1.55342e+06
1.56551e+06
1.65694e+06
1.6086e+06
1.55212e+06
1.56193e+06
1.52074e+06
std 99578.6
mean 1.59854e+06

Running ./Serial with Calculated sample size of 6
1.54996e+06
1.55508e+06
1.55067e+06
1.56634e+06
1.54129e+06
1.54005e+06
sample size 6
result mean 1.55056e+06
result std 8814.8
