Running ./Serial with initial sample size of 100
42805
39472
42459
40062
39609
41648
41719
41890
39258
45547
39078
42328
40049
42904
39717
43497
39475
42161
39634
44428
39536
39596
40315
39487
42807
39345
42608
39076
41692
39058
47444
44198
42592
41759
41671
40162
43926
39259
48246
41477
54172
41269
42523
46019
42751
41313
41541
40762
48609
54637
53755
44825
45241
57412
46494
52363
53342
42705
39873
39564
41043
43318
39731
49125
39838
40790
45291
40806
39486
41123
39478
48191
39947
42606
40076
47006
39297
46485
41431
43958
39380
41430
39582
41613
40017
41892
39329
40097
39270
39223
39869
41861
47737
39187
42302
39223
44556
40065
42481
39376
std 3894.11
mean 42586.8

Running ./Serial with Calculated sample size of 13
42444
39533
41392
39719
42101
39987
41958
40010
48060
42552
41518
39915
43384
sample size 13
result mean 41736.4
result std 2192.64
