Running ./Serial with initial sample size of 100
81128
74492
75257
72473
71212
74651
81258
77047
81348
74895
77681
84486
79156
75987
79601
77245
74915
74368
74016
72027
79763
73975
84022
101722
75418
74621
73900
74234
72600
73946
73793
81500
74507
75079
74661
74649
75497
75282
72569
73248
76465
70510
74946
78962
74819
75681
72249
72015
73579
74558
74172
74629
70730
73341
73982
82445
74669
76486
72246
72165
74608
73183
74849
75151
70999
88849
75056
78968
73331
75383
73888
78222
72580
73940
75048
75099
73814
70477
74508
83685
73698
76637
74499
71581
71248
73893
73069
73371
71513
70775
72724
81586
74123
74513
70624
72401
75644
74423
73873
74020
std 4246.94
mean 75427.3

Running ./Serial with Calculated sample size of 5
71024
75337
75882
85116
74654
sample size 5
result mean 76402.6
result std 4675.83
