Running ./Serial with initial sample size of 100
1.17511e+06
1.11611e+06
1.21755e+06
996371
1.39262e+06
1.3399e+06
1.10009e+06
1.01339e+06
1.15731e+06
1.60842e+06
1.37678e+06
1.46377e+06
1.23495e+06
1.00398e+06
1.01422e+06
1.0568e+06
1.78239e+06
1.76235e+06
1.29909e+06
1.09211e+06
1.1831e+06
1.08287e+06
1.13497e+06
1.05386e+06
1.2742e+06
1.25482e+06
1.05174e+06
1.13508e+06
1.20896e+06
1.08288e+06
999643
1.05361e+06
950121
1.06091e+06
1.32152e+06
1.51001e+06
1.15534e+06
1.44573e+06
1.30264e+06
1.07743e+06
1.05501e+06
1.55296e+06
1.81618e+06
1.80981e+06
1.4196e+06
1.03596e+06
1.32088e+06
1.19609e+06
1.18982e+06
1.19864e+06
1.17742e+06
1.08782e+06
1.19646e+06
1.13501e+06
1.20043e+06
1.20454e+06
1.09074e+06
1.10329e+06
1.10018e+06
1.12585e+06
1.09109e+06
1.05972e+06
1.06431e+06
1.17507e+06
1.19425e+06
961814
1.24375e+06
1.02447e+06
1.1722e+06
1.13855e+06
1.19199e+06
1.28222e+06
1.06734e+06
1.28546e+06
1.09072e+06
1.24763e+06
1.08485e+06
1.02191e+06
1.12435e+06
1.0119e+06
1.23964e+06
1.25757e+06
1.19524e+06
1.08575e+06
1.1292e+06
1.11242e+06
1.24117e+06
1.16402e+06
1.13206e+06
1.22078e+06
1.03064e+06
1.13296e+06
1.18903e+06
1.27615e+06
1.2348e+06
1.11877e+06
1.169e+06
1.05199e+06
1.06971e+06
1.06622e+06
std 175414
mean 1.1921e+06

Running ./Serial with Calculated sample size of 34
1.03328e+06
984786
986096
1.06013e+06
1.07871e+06
1.06701e+06
1.04641e+06
1.1159e+06
945973
1.10355e+06
1.09685e+06
1.02681e+06
1.01319e+06
1.04644e+06
1.06664e+06
1.12796e+06
1.05209e+06
1.23687e+06
1.3192e+06
1.45286e+06
1.24173e+06
1.17863e+06
1.10175e+06
1.00892e+06
1.17126e+06
1.18401e+06
1.15947e+06
1.05386e+06
1.10486e+06
1.17055e+06
1.1761e+06
1.15347e+06
1.06469e+06
1.04294e+06
sample size 34
result mean 1.10803e+06
result std 100041
