Running ./Serial with initial sample size of 100
250853
255313
291377
256028
250915
281132
255303
252211
308973
324967
268221
248643
281573
250467
250661
249032
329164
255917
248821
292197
262894
296115
258609
288050
256194
241770
329842
258541
251643
272853
305344
278000
255777
285156
260639
319735
467663
281207
244510
254327
270529
252962
246070
284516
253366
249099
254717
284077
247313
286207
307152
274832
274902
256680
281161
252802
242014
332384
248322
258450
253210
298699
300215
274894
282817
252769
244372
249998
322663
254500
282806
356275
244162
234589
257418
283352
242429
257743
325863
287821
263797
253864
283309
257165
254581
341016
267857
259033
284778
320584
430082
409121
275471
247136
328908
253365
258039
244207
284805
252936
std 38652.1
mean 277048

Running ./Serial with Calculated sample size of 30
282388
283476
268282
364418
405268
286285
250177
257440
272029
251373
245770
279662
255056
246612
251451
285209
248945
278714
292628
291691
285785
254484
283785
253745
251986
337300
256273
254352
263302
284459
sample size 30
result mean 277412
result std 35157.9
