Running ./Serial with initial sample size of 100
466
470
488
483
837
517
466
467
498
486
636
482
467
486
467
514
467
499
477
467
600
467
467
492
486
534
470
478
487
483
467
467
467
467
466
491
467
490
467
485
477
466
484
467
477
901
779
493
548
467
502
467
530
483
467
483
483
490
491
466
482
468
478
510
500
1145
502
666
524
476
504
466
521
497
494
565
516
500
467
467
466
495
518
490
466
481
484
496
584
466
498
756
701
466
467
478
477
466
466
486
std 99.041
mean 512.14

Running ./Serial with Calculated sample size of 58
466
600
467
467
466
478
466
489
562
482
466
467
521
500
467
466
485
496
524
466
467
526
486
533
535
481
516
487
466
466
598
466
542
523
491
483
487
467
478
483
1069
706
513
466
505
498
502
502
467
519
478
501
486
509
466
497
471
494
sample size 58
result mean 507.431
result std 84.9706
