Running ./Serial with initial sample size of 100
4480
4603
4502
4433
4382
4522
4414
4415
4643
4697
4377
4542
4472
5552
4600
4422
4634
4524
4735
4819
6066
4709
4722
4466
4500
4754
4470
5456
5899
4534
4487
4368
4365
4500
4629
4397
4420
4576
4461
4381
4581
5259
4502
5289
4449
4467
4479
4575
4416
4488
4647
4526
4554
4589
4552
5462
4403
4411
4409
4592
4490
4516
4505
4501
4490
4785
4578
4493
4701
6322
4396
4516
4455
4702
4474
4713
4419
4484
4630
4750
4659
4553
4550
4944
4436
4443
4448
4605
4765
4478
4434
4426
4530
4778
4492
4720
4446
6550
4378
4358
std 392.976
mean 4644.91

Running ./Serial with Calculated sample size of 11
4446
4439
4417
4494
6009
4653
5260
4515
4398
4518
4630
sample size 11
result mean 4707.18
result std 471.683
