Running ./Parallel with initial sample size of 100
600498
527078
538950
532588
506031
559389
516497
528121
527431
532882
518750
548433
581615
674264
573667
537723
626440
574210
659226
685943
532563
828720
744328
552268
511394
527429
520824
748952
722338
634530
573904
580108
507992
559158
591586
554405
747860
655047
550472
558435
532371
623235
734810
776782
640268
757110
757241
763087
841646
752931
642366
568521
659978
650032
615134
535898
514547
779939
602559
525811
552351
530275
543987
569994
520171
572590
568556
659114
663536
512927
535375
703888
783833
735686
773641
601813
527284
536041
541031
536098
596174
650827
688899
738244
735522
710861
718909
752537
547733
539277
577849
533899
522374
557905
511201
561508
539593
516543
567034
525743
std 90252.3
mean 608871

Running ./Parallel with Calculated sample size of 34
570424
519636
536096
526078
552260
524785
542525
549371
523401
547245
527652
547764
510512
533311
537766
506932
547550
505490
525362
506248
525732
525098
616380
524041
521930
570697
567309
536779
610424
695375
551323
541468
616919
632264
sample size 34
result mean 549298
result std 40743.2
