Running ./Parallel with initial sample size of 100
7983
4791
3203
3243
3236
5941
3176
3416
3198
3256
3293
3213
3207
7441
6304
3200
3335
3207
3203
6337
3367
7152
4052
3358
3340
3239
3253
3256
3318
3260
3368
8483
4734
3207
3256
5923
3507
5541
6001
3230
3226
3230
8817
3522
3238
3284
3202
3208
3212
3349
3266
3235
3266
3750
3215
10108
3265
4495
9891
3263
5238
3220
3263
3403
3239
3219
7169
5570
8748
3844
3241
3346
3202
3239
3242
3230
3235
3236
3291
7811
3264
3222
3197
3271
3254
3214
7835
6437
6094
3209
3247
3218
7529
12561
10277
11490
11308
13137
11309
9494
std 2520.86
mean 4756.23

Running ./Parallel with Calculated sample size of 432
4373
3246
3307
9496
6999
13033
3231
7086
5710
3195
9062
5239
10930
5776
7296
10630
3221
9947
3239
9191
3198
6618
8814
3775
3256
3179
6732
3220
3247
3312
3271
3241
3245
3204
6218
3213
3268
3261
3225
9147
9243
7028
11407
9819
11776
5383
7715
3235
3253
3209
3406
3248
7839
3234
3227
5453
4512
3233
11215
3217
9664
3172
3412
6839
3249
3220
3378
3301
3226
3280
3461
3230
3233
3197
3246
3335
3236
3377
3321
3310
3393
3257
3397
5678
3274
3234
3219
3244
3231
3282
3267
3236
3206
3234
3257
3291
3214
3217
3365
3283
3263
3276
3242
3242
3240
3231
3243
3238
3263
5721
3240
3210
3254
3289
3292
6821
3229
3286
3202
3324
3600
3281
3511
3277
3293
3260
3223
3322
3520
3313
3247
3256
3173
3307
3248
3273
3222
6357
3264
3346
3233
3259
3259
10092
3322
3447
3285
3234
3210
3293
9501
7118
3256
3257
3256
3271
3233
5333
3202
3224
3202
3251
3236
3394
3290
3309
3254
3218
3216
3313
3270
3326
3245
3348
3256
3244
3216
3235
3198
3269
3275
3225
3260
3212
3279
3266
5763
3246
3237
3195
3227
3210
3249
3203
4000
3357
3226
4871
5446
3201
3594
6399
3947
3227
7623
3594
3247
7847
3245
3256
3232
3332
8085
3256
3297
3220
3215
3196
3263
3222
3248
3280
3284
3431
3236
3217
3302
6221
3280
3247
3306
3256
3350
3250
3350
3222
3243
3233
3290
3196
3263
3250
5207
3303
3252
3212
3261
3206
3268
3287
3251
3234
3274
3352
3217
3211
3228
6047
3212
3217
3224
3196
3246
3195
3283
3234
3248
3239
3247
3320
3232
3224
6885
3406
3210
3324
3244
3268
3260
3222
4697
4237
3190
3890
3222
3222
3250
8176
3250
3252
3259
3282
3248
6110
7091
3226
3238
3276
3222
6199
3882
3211
3233
3229
3254
3284
3217
3265
3221
3269
3236
3288
3316
3290
3415
3227
3255
3329
6622
3208
3243
3208
3239
3251
3314
3210
3232
3230
7070
3325
3302
3251
3244
3217
3231
3256
3813
3228
3257
3219
3241
3223
3241
3650
12210
8206
3239
3293
3261
3269
3250
3270
3307
3290
3261
3273
4494
3241
3247
3214
3258
3208
3282
3218
3258
7419
3263
3272
8275
6273
3239
3289
3275
3241
3226
3236
3209
3244
7065
3822
10175
7758
4703
3254
3269
3257
3210
3273
3210
3271
6552
10138
3209
3254
8295
7725
11112
14240
20441
17863
19562
8832
12675
10936
8095
6531
10970
3229
8003
7717
3227
7511
6986
7260
6281
3216
3296
5396
3264
3653
3235
3276
3205
7741
3327
3223
3213
6561
3212
3230
4975
6348
sample size 432
result mean 4321.44
result std 2407.85
