Running ./Parallel with initial sample size of 100
266411
264825
271967
337113
355972
222316
198956
239608
174012
180925
213326
186436
164801
181611
172643
236378
203440
235493
187290
206553
199040
191806
175628
170375
215838
228508
250719
399609
205650
205329
186561
172721
246954
246402
176812
168097
268976
345837
195756
297248
278840
259786
250147
346481
328298
206247
389824
213647
306075
181349
228213
171434
168892
188425
176865
378967
190334
382209
273467
304953
184441
167908
234056
192798
275024
244947
268814
366682
199578
292171
192112
182977
183187
180288
234643
292192
242433
241811
199955
173291
213075
207692
222557
178694
184984
186439
220394
218074
176427
349689
368075
310069
293086
270902
277021
321768
310804
300047
288901
324587
std 61995.5
mean 240450

Running ./Parallel with Calculated sample size of 103
274778
233246
313124
344121
175382
183532
199428
253400
252177
217592
171110
270767
404501
288323
319850
336831
240601
330779
274528
270332
233090
414914
269898
284221
269466
175471
257602
280508
259987
245593
181511
348839
252253
191836
221140
313417
325361
217868
372745
292337
267717
272157
337994
268619
297213
277763
305558
288653
314561
315489
219089
280409
238188
231058
391085
262384
267638
289282
252842
171488
189976
165376
217417
239212
289368
193343
216095
192740
366071
320782
246204
280346
227812
272239
248148
238975
242484
278868
243237
240719
278048
223772
250345
258984
254945
238461
244541
240997
265635
260049
275165
266344
263970
225528
228023
262317
256354
248552
227662
261616
248443
230007
255364
sample size 103
result mean 262002
result std 49325.5
