Running ./Parallel with initial sample size of 100
18713
13181
13650
13467
14644
17199
19304
13356
13435
13684
13192
13434
13584
12671
13526
17233
13035
13660
13189
18698
14451
13983
13888
19526
17138
20999
16839
12792
16605
14933
13655
13246
13082
16726
11722
13634
19471
29412
19051
30375
26192
17199
14025
13464
13940
14261
14120
12959
13609
12870
14002
12570
18506
16362
19464
15532
12221
13452
12081
16285
17995
13875
14077
12438
16338
13893
13176
17003
16083
19645
19052
12832
15623
16759
21622
26508
17412
13326
12949
25902
21001
20271
19547
20985
19352
21247
19663
20801
13223
13343
12742
12946
14275
11774
15746
13065
13703
19368
22637
26598
std 3978.98
mean 16262.9

Running ./Parallel with Calculated sample size of 92
29242
20891
18332
19260
23582
21554
24556
15536
13402
12835
15833
12344
14014
12586
12618
15895
19399
20832
17952
20190
22930
23467
21663
23690
25296
21648
21488
22874
24416
19941
13502
13878
16274
11809
15115
13141
13159
13239
21775
22518
29928
23439
26408
25516
23544
27103
18100
21267
17323
16166
21288
21746
19533
21151
13644
16213
13873
12157
12327
11812
17044
19340
16082
11719
16335
12831
16713
13643
15000
16649
13727
13085
13585
14035
17714
12812
13135
14150
12047
14016
12653
12682
12434
13071
15927
13436
12600
13690
17772
17386
16113
13462
sample size 92
result mean 17392.4
result std 4581.04
