Running ./Parallel with initial sample size of 100
427
429
418
420
423
418
423
418
417
413
417
427
419
440
424
424
413
451
419
419
414
429
417
425
4288
4473
4328
4028
898
1997
425
417
413
417
414
423
419
414
415
423
407
443
752
5266
417
445
412
426
416
469
413
424
411
413
2176
418
417
1898
416
427
418
439
3646
470
422
417
426
414
985
413
418
429
416
427
414
455
423
406
441
414
441
2560
413
438
431
413
423
417
411
415
420
1509
412
411
414
415
416
419
421
452
std 983.741
mean 751.46

Running ./Parallel with Calculated sample size of 2634
417
4420
537
1350
651
3624
415
420
423
420
416
1321
454
440
2160
434
414
424
412
555
417
422
415
437
2811
425
426
415
466
411
421
412
424
410
414
424
420
414
413
417
414
415
413
416
423
413
443
415
436
406
413
410
413
416
4572
419
415
411
411
417
413
421
416
430
417
421
412
459
411
424
413
474
418
419
421
455
411
413
412
489
2537
422
420
412
471
413
427
416
450
416
411
4531
415
439
414
481
412
416
424
413
418
407
426
410
414
414
411
430
2674
419
417
427
417
421
413
463
416
3021
467
428
414
438
413
425
414
3454
419
425
416
417
419
414
416
413
411
416
415
4580
419
1374
438
412
424
414
415
430
420
413
413
416
422
421
2874
413
415
416
413
469
413
414
411
444
410
2473
420
412
418
414
414
458
416
419
419
416
418
413
5513
411
420
553
438
427
413
410
415
413
424
413
415
417
537
412
408
415
429
414
438
562
415
417
1755
433
420
414
430
423
2585
439
420
1832
4844
451
413
422
941
414
429
418
418
416
418
410
420
414
417
5538
422
414
414
2574
530
420
426
412
415
412
437
416
417
416
415
417
416
410
414
413
411
418
418
430
414
423
413
414
421
413
4174
416
463
409
426
4623
4394
3746
421
4676
4176
4508
421
2457
417
416
438
421
416
418
423
410
422
442
2678
421
419
415
430
415
412
1932
413
448
2605
427
431
412
472
408
426
422
423
2580
422
412
416
415
430
410
417
410
422
410
449
416
419
3135
425
414
414
427
412
410
416
414
413
4532
2079
416
421
417
415
414
413
411
415
420
411
414
414
817
413
458
414
422
416
451
436
419
411
412
415
417
418
416
424
429
416
485
413
432
417
434
413
415
412
427
415
421
430
438
415
414
413
493
2496
418
417
415
412
417
415
432
408
420
417
408
420
434
442
410
410
426
416
414
417
423
432
411
422
412
466
413
408
413
411
4544
422
3212
418
471
412
3038
420
415
412
419
411
411
418
410
421
568
415
423
1003
415
414
424
423
418
463
415
413
3032
416
449
420
413
430
418
424
413
414
415
425
425
4601
419
416
2482
420
412
427
1880
426
429
417
450
418
550
415
442
436
420
419
426
413
2289
419
431
414
411
414
414
411
411
414
428
415
415
425
427
412
418
427
3957
420
417
412
412
434
412
423
411
433
415
422
412
427
3586
415
417
415
414
4616
417
621
426
442
415
410
412
428
418
1671
422
499
426
419
432
463
410
425
2712
421
424
412
1291
425
1079
408
423
412
442
410
423
2675
425
452
417
427
416
449
411
431
415
427
419
408
414
412
447
415
1280
445
4657
433
416
445
414
4550
432
415
415
420
2723
419
423
424
408
410
423
413
418
2044
417
420
412
413
410
424
430
415
7250
684
5242
4301
2413
419
2068
2627
2088
4865
424
415
413
412
420
413
417
415
429
422
417
417
415
3985
416
450
418
434
413
1062
517
426
413
416
450
413
411
421
413
2293
452
415
415
424
420
412
437
2509
420
424
419
451
412
437
2643
428
412
418
419
412
426
415
415
414
414
414
412
441
414
461
422
417
427
415
414
412
407
466
411
419
4550
2820
426
426
413
487
420
431
419
6173
420
419
425
416
425
414
425
416
425
415
416
435
4336
418
410
414
419
412
412
412
411
409
1386
418
432
428
441
415
425
436
415
414
3820
418
411
415
418
411
432
413
422
417
439
415
424
412
436
1024
413
415
411
1501
424
3992
415
1283
437
419
412
2059
430
416
416
412
415
413
420
411
425
433
412
448
412
422
426
465
417
421
435
473
415
416
408
535
2544
415
440
412
1354
417
431
415
414
413
413
411
417
418
412
412
415
712
415
428
412
412
412
425
425
419
415
436
411
418
2811
1381
413
6893
417
434
415
416
412
411
2251
439
417
416
412
4619
417
3519
411
448
410
420
411
410
414
421
4367
434
424
477
426
440
424
490
417
442
424
423
412
418
2480
466
415
424
426
418
4350
419
439
421
416
412
413
417
426
414
415
412
470
410
417
411
439
433
1519
404
432
412
419
414
419
429
1017
427
4341
514
418
411
414
3688
579
413
426
453
415
422
414
412
420
414
414
535
412
414
413
426
414
419
413
421
418
413
424
412
414
417
414
459
415
423
3693
416
413
416
412
432
419
416
412
2886
803
426
4663
668
413
418
413
1065
455
408
407
412
435
418
1069
417
417
439
428
4075
497
445
411
456
412
2752
416
415
412
422
412
414
425
411
439
411
422
417
464
411
420
4540
462
413
438
405
454
424
431
412
451
423
426
414
445
416
413
411
421
2529
419
424
428
470
2374
415
413
423
414
416
421
414
443
415
424
415
460
412
426
412
414
2516
417
4256
591
4680
417
2035
414
425
499
414
422
4944
417
463
4199
428
420
455
417
420
4521
439
425
448
413
468
410
423
430
447
2900
2460
437
418
436
418
420
415
448
418
4447
416
414
415
414
415
442
412
418
3435
415
418
421
418
415
414
420
435
427
418
416
413
413
426
4521
2081
420
419
420
421
426
414
412
415
4738
417
414
415
418
415
424
416
430
420
424
415
428
407
426
411
417
409
425
411
457
417
421
411
413
414
418
416
419
416
412
412
422
584
418
424
411
448
413
412
416
414
4578
417
424
418
416
414
434
4614
1120
420
412
415
422
418
413
414
416
411
426
414
426
457
412
422
411
452
2829
425
427
411
418
411
418
433
441
416
415
412
412
413
413
423
417
413
415
433
414
2725
546
1943
2692
570
418
4169
3334
3345
428
2388
526
472
416
428
415
416
410
411
420
412
413
1612
417
2836
426
413
413
425
651
3734
4213
432
419
429
421
420
415
414
421
4608
415
417
412
430
423
413
412
415
439
429
413
419
413
427
415
419
418
2060
434
417
415
417
427
419
440
411
422
2757
422
448
421
421
415
411
412
421
413
453
4871
421
6119
427
3713
414
415
412
419
418
411
431
412
412
415
417
410
459
411
417
3569
416
452
420
432
413
1063
2456
430
425
410
433
418
413
563
425
414
412
416
413
445
412
411
458
426
419
425
448
417
416
411
416
429
411
2564
419
447
449
417
414
412
410
413
4047
419
481
412
429
411
435
411
3654
433
417
417
414
463
454
415
411
431
411
411
418
412
410
414
413
455
411
422
415
471
421
418
4502
3305
2975
413
417
418
418
434
414
417
414
416
421
416
413
448
409
419
3446
412
410
418
429
416
412
441
430
417
415
423
414
427
420
417
414
412
416
418
689
463
408
437
416
410
411
410
409
1186
413
461
419
436
414
413
427
420
413
415
412
4843
553
3728
438
435
414
413
411
426
427
416
413
431
549
424
412
430
414
423
414
453
2741
418
428
415
414
412
421
431
416
420
413
454
412
418
412
439
416
416
414
412
432
418
415
417
413
411
424
412
413
423
1962
422
413
416
412
413
456
416
412
415
410
451
416
417
409
452
410
419
4577
415
419
415
460
418
415
412
413
411
413
414
445
2527
410
420
439
554
444
425
524
434
412
410
413
412
425
413
417
419
413
465
413
418
412
412
4277
418
2022
424
413
416
415
427
1171
414
413
411
416
414
427
2654
429
4440
413
435
419
421
576
413
412
416
412
416
415
418
414
415
424
410
417
414
414
427
415
414
1766
414
424
410
447
418
1567
412
449
415
425
413
420
417
453
412
4433
417
426
423
418
412
414
424
417
568
416
424
430
439
418
422
411
513
413
1473
431
419
2505
418
443
411
420
421
413
410
416
411
449
410
425
411
413
410
420
408
410
415
4668
701
421
428
4664
2710
1987
416
413
411
415
412
415
412
416
410
417
412
419
4868
468
413
1965
462
413
4563
420
437
443
416
416
412
422
421
414
411
414
418
411
4217
781
421
411
424
411
415
410
413
421
411
414
410
417
411
415
412
414
2443
419
420
416
412
411
411
411
415
423
413
441
421
410
413
413
413
4195
422
479
446
421
412
431
411
453
416
442
412
416
412
425
414
450
417
4002
422
456
414
422
415
457
413
420
424
417
410
419
4557
415
414
419
425
420
410
416
416
416
411
409
410
420
411
442
417
416
409
473
2404
411
412
413
472
673
2279
416
424
419
417
423
414
411
412
466
414
419
411
443
412
418
411
462
412
424
417
410
416
421
418
444
427
418
413
469
423
431
416
442
411
411
421
414
413
421
423
441
511
4553
419
422
415
418
2788
415
426
421
416
426
429
430
427
412
412
412
423
414
413
949
417
1334
413
411
430
444
412
422
410
456
436
415
415
422
412
427
417
455
414
420
1402
417
415
409
413
531
448
412
421
416
415
808
712
414
422
3302
2334
421
422
2068
423
421
2759
418
4571
420
417
4674
483
2063
415
413
423
411
409
420
412
413
414
416
417
412
412
417
421
416
487
414
431
2581
416
465
418
416
1088
417
413
677
414
414
417
410
411
412
413
416
411
411
820
416
447
411
427
962
416
418
426
418
423
413
413
414
416
415
415
414
448
410
720
418
435
412
409
414
424
412
414
414
413
408
416
409
453
418
415
419
417
412
416
420
419
413
423
412
408
418
412
454
411
422
2656
422
455
415
421
414
442
411
6431
539
6415
668
2522
415
2039
441
414
424
414
412
4550
496
2254
421
418
421
428
4540
3198
428
419
410
419
417
417
416
412
422
412
413
418
410
437
414
447
426
418
415
414
415
422
410
416
418
1885
422
450
2509
412
416
422
414
413
422
412
421
411
432
1692
417
411
417
414
411
411
427
415
461
426
414
4539
495
437
416
416
427
412
4402
417
416
411
411
412
3756
423
413
415
4618
2531
427
421
413
415
427
426
2490
420
441
419
419
432
414
2265
414
422
412
411
411
414
408
434
422
419
420
472
416
560
415
460
3093
434
418
436
415
423
413
446
422
420
410
418
415
414
429
412
409
407
412
413
415
424
415
413
413
419
416
411
408
451
418
416
408
435
2316
414
602
417
583
416
416
4422
417
414
418
427
417
440
410
421
415
421
422
644
474
435
413
416
415
415
2393
418
414
413
411
421
422
436
455
413
444
417
435
414
427
458
4213
4583
423
442
1075
415
429
418
613
417
416
417
412
1184
417
427
412
415
412
599
415
424
412
416
423
407
435
419
417
417
646
425
417
413
461
412
423
4226
414
450
3664
433
418
415
410
414
429
412
3465
414
436
421
415
632
414
413
416
414
415
421
3393
417
2023
428
413
446
431
414
413
445
415
433
413
1034
416
422
417
414
413
418
422
424
439
2785
416
416
4567
1255
415
2396
418
414
420
411
415
5063
4535
593
428
426
414
414
416
426
2503
420
3990
413
1682
422
414
420
414
419
416
415
415
425
5792
463
416
4623
4196
415
419
429
410
422
2825
432
414
418
413
440
411
1254
415
427
421
413
1237
426
6810
417
420
424
427
426
417
411
420
425
414
424
418
467
413
424
414
436
2549
3546
416
419
413
413
415
423
412
414
418
426
447
416
421
417
429
413
418
604
4235
3561
416
428
413
416
421
410
419
418
426
421
421
484
447
413
416
4532
416
422
418
419
4160
469
422
415
415
412
443
416
4222
416
414
406
412
414
411
445
408
414
422
409
418
427
468
481
427
447
426
421
423
2737
418
4510
415
413
414
424
418
440
407
414
420
445
410
424
411
933
412
414
421
418
471
413
418
411
419
415
415
417
411
418
410
473
418
411
440
412
4162
417
468
413
423
4686
416
417
417
506
410
417
2319
415
415
414
415
416
416
412
411
413
420
2609
447
420
1926
2875
415
1606
421
418
418
455
413
413
415
417
414
411
423
411
6095
419
433
413
424
427
432
2538
419
2922
430
417
444
418
415
422
409
412
410
615
411
413
433
420
453
413
420
2743
415
447
412
422
411
413
2794
431
419
416
414
416
426
412
413
4660
420
415
408
2870
418
422
411
418
408
412
418
430
418
416
439
447
414
421
412
447
415
418
417
414
414
421
2381
413
416
430
407
409
414
414
1377
423
425
423
446
410
420
2671
3076
4533
973
415
416
4454
417
628
412
424
413
4907
4442
4606
2761
416
451
417
455
432
413
4616
420
4581
422
418
424
452
410
459
407
420
412
3255
572
2725
2329
3730
417
416
411
415
413
4539
4716
420
418
413
422
415
450
422
420
6679
418
2393
431
432
463
466
419
419
414
450
412
419
501
453
414
413
2546
419
3934
421
458
414
422
413
415
414
410
411
421
2925
437
426
2063
416
410
412
410
420
424
410
424
415
422
410
443
416
420
2858
423
471
415
421
584
416
419
410
414
4538
sample size 2634
result mean 745.297
result std 994.293
