Running ./Parallel with initial sample size of 100
457821
494497
495497
466088
493701
485439
485265
454756
489976
497237
591275
528393
515905
594192
589425
614031
654159
690492
512300
544611
490821
643781
402427
377317
354469
399733
360149
330279
358995
445711
490176
443860
425215
429401
561916
497222
443271
544736
465912
598214
513918
521296
445316
337034
359887
389658
360701
332304
348346
371114
430831
334443
356298
381572
337283
375114
325575
367288
384893
331103
340344
376590
348870
536689
465713
421837
428366
574996
476439
475111
378553
565018
394749
353353
363794
511503
536547
535293
512389
544741
434228
448553
416531
394481
357448
373035
327847
445310
492738
403690
356248
446479
358865
396748
541986
390066
608938
504831
582409
424457
std 87056.4
mean 451684

Running ./Parallel with Calculated sample size of 58
421586
416481
377404
373231
454362
506588
460619
360503
476934
388837
607672
353619
425191
503153
382456
520784
516738
415489
327816
413908
357947
453815
474152
391006
449956
429782
490730
414153
412186
471511
422078
503183
573090
426026
432558
433505
347906
420552
640818
815039
774344
643828
412037
418138
572708
594247
516373
549737
344170
430117
341462
391798
357968
438646
372579
332036
393647
349634
sample size 58
result mean 453394
result std 99991.5
