Running ./Parallel with initial sample size of 100
116117
130013
74132
73799
80054
116777
111091
103718
104838
92467
62631
65752
71034
66403
62213
76179
80964
98574
74866
75278
82739
75750
79068
84024
81003
69302
59470
65302
88153
62531
73733
63354
78018
75284
55874
66841
78953
59586
61317
61103
92165
101369
105265
88276
87579
93076
95856
83901
72375
79709
85784
63769
74458
67365
75528
77192
88380
133031
114710
99876
71915
63666
74057
69921
70027
76564
73144
80906
81055
84899
69385
62633
65983
72496
67370
68440
69284
103960
120611
127409
84460
63501
64582
99892
84621
89696
85476
92509
84606
71547
88032
85615
89848
64411
80627
79777
75195
79861
90630
130903
std 17196.6
mean 81974.8

Running ./Parallel with Calculated sample size of 68
124013
77409
58328
69824
67548
62961
89971
60991
73433
63967
69034
72903
62412
64593
67491
68351
65602
67937
62758
61069
60943
62423
62478
58700
81517
62745
63750
60674
60899
61936
73050
68792
61969
64857
66074
65195
54446
82154
61929
59524
68644
64953
72711
80396
77255
63790
61867
93472
70696
85316
78240
76439
60155
69826
66388
65447
65322
72284
83081
103515
123497
85491
76064
67023
82784
84157
85614
88628
sample size 68
result mean 71731
result std 13277
