Running ./Parallel with initial sample size of 100
35613
39858
44078
39844
36235
33005
36489
33418
38475
33744
37954
34885
38351
33035
50999
38447
34981
48067
36110
34952
33934
38425
34465
54718
37583
37498
34222
36804
33837
37218
33413
33823
34003
35654
36484
38340
51261
48944
48102
34690
39102
33970
35439
50089
37243
38907
52077
59147
55802
39041
34393
38113
33897
38136
59360
58588
58543
60933
46590
36461
33502
31319
50466
32940
37393
50239
58522
53550
59522
59263
60112
56869
61577
54775
57695
52508
53859
37260
44546
34129
37087
34407
38593
54052
57571
64417
57528
54421
60062
61310
50731
52985
52203
55981
40829
39118
35903
34707
37825
34454
std 9800.09
mean 43720.2

Running ./Parallel with Calculated sample size of 78
34842
38783
34577
37913
35252
35207
35163
46979
41537
37893
32803
34048
36554
36175
38352
37423
46889
49585
56887
56687
56473
52076
50428
50330
37746
37106
39368
33955
50432
55052
59096
55112
49020
32973
43234
55615
45377
38622
34945
37179
33927
38787
34193
35130
34890
64291
56531
50178
38652
34142
36716
35496
38382
33983
41158
43447
36623
33808
33587
32995
43415
60167
52095
60693
55791
57859
41122
38458
34732
38480
36986
49499
66526
59743
54212
50105
34395
38184
sample size 78
result mean 43295.7
result std 9268.3
