Running ./Parallel with initial sample size of 100
840616
845234
747428
721008
888031
978660
876278
907940
1.24022e+06
768653
910304
787572
802882
761479
770383
886662
798935
737649
769425
781959
762186
724039
770025
800503
800086
1.13253e+06
1.11838e+06
852631
842288
1.36424e+06
993377
829407
847172
786044
816435
930097
820119
733140
695305
733584
721342
662913
783464
835245
963878
842968
943619
923514
814188
921360
1.45565e+06
1.02951e+06
769529
1.07596e+06
780034
923428
760314
1.22341e+06
980562
793110
800855
731369
755202
868217
743636
772540
761610
777048
823162
883109
743222
813802
792707
731238
764698
736649
736657
1.0515e+06
997567
775031
718449
744272
775777
704531
731448
693984
718898
797321
760663
754846
689893
766117
793997
916016
1.15344e+06
998731
770821
773696
756334
762050
std 142010
mean 842180

Running ./Parallel with Calculated sample size of 44
789329
820842
737591
680973
729452
829670
749741
699326
694232
762393
785523
754829
691189
774824
682466
744883
749722
790066
781153
763203
780582
778360
692112
683240
713911
773502
701472
814497
888756
1.12013e+06
999411
1.09326e+06
923183
971490
1.1368e+06
1.00416e+06
969418
950998
984452
826198
733151
837129
845750
932660
sample size 44
result mean 821955
result std 122118
