Running ./Parallel with initial sample size of 100
166785
154313
181334
144501
142967
166829
150471
155440
170916
177827
162125
143021
181171
174105
157799
180553
179972
155929
194472
151091
183634
153156
176256
137172
170320
176215
180273
189892
156241
191056
173813
150216
178248
162432
150154
169326
214210
203830
156117
128114
155108
132629
122286
124006
123631
171840
123648
145496
122295
121171
132943
129227
138309
123245
142881
129516
115485
129504
139376
142955
142195
121070
124472
142438
127074
133250
134366
137960
165103
151330
118497
135273
137435
131909
126220
127595
127863
114486
113587
146195
118715
133797
132610
122787
124055
139194
134899
131908
128627
134067
119482
115653
135419
131639
124588
133178
138453
123922
128577
135275
std 22606.3
mean 146030

Running ./Parallel with Calculated sample size of 37
123060
146027
116887
137815
132492
118248
128876
132109
127046
130944
127445
124237
130054
122906
125851
135101
123739
130824
153976
129294
121824
133452
173024
184658
190096
160743
178096
172685
149378
151732
177681
173277
172549
153135
174529
190030
142321
sample size 37
result mean 145842
result std 22570
