Running ./ParallelOptimized with initial sample size of 100
40966
42151
37176
38869
38403
38846
42138
39216
39765
39203
37441
37419
37416
42472
38787
38457
39036
38787
38986
38436
63249
41942
39612
38563
38887
38916
38822
45291
39960
39229
37465
39106
39119
39241
37466
40956
39115
38869
42616
38968
39039
38855
38748
38936
38852
38975
38704
38670
38929
38840
38839
38767
38979
38905
38910
38831
38874
37343
39065
37471
41908
38775
38925
38892
42167
39323
40953
40743
39577
37477
39135
39104
39218
39300
40445
39206
39099
39264
39298
39178
38705
38938
38933
38583
39102
38676
38785
48729
39149
39177
39151
39072
39217
38674
38874
42553
39044
39076
39064
38902
std 2855.99
mean 39602.8

Running ./ParallelOptimized with Calculated sample size of 8
39050
38626
38773
38931
38828
38727
39063
42630
sample size 8
result mean 39328.5
result std 1256
