Running ./ParallelOptimized with initial sample size of 100
11673
13344
11602
12983
13475
18056
13453
12824
13393
13473
11665
15205
11654
13073
11730
13058
11718
11696
13507
11675
13432
11646
16067
13603
19228
13626
11711
16574
22505
11716
11767
12186
11637
13359
11641
11624
11659
11731
15217
12565
11710
13026
15850
16741
15831
16841
16221
12299
16609
11686
19586
19727
13621
11656
11669
15077
13494
14097
11640
11739
13260
11763
11635
11684
13768
19829
13941
11673
11663
13678
22408
13354
11610
11659
15053
12760
12403
12039
12560
11670
11691
17440
12029
11713
11608
11639
15819
11639
12943
12670
11738
11607
13345
11747
11588
13451
13388
11691
13455
11738
std 2409.93
mean 13432.2

Running ./ParallelOptimized with Calculated sample size of 50
13287
11624
11643
11574
13435
14005
11829
11702
13434
16900
11803
13157
11715
12936
11771
11776
13464
12388
12444
11830
17009
12716
12529
11689
13113
20241
11626
11579
13449
11660
13448
13407
12708
11739
11613
13381
11768
13383
12961
11653
13248
11746
13423
11578
11741
11714
14872
11696
11634
11615
sample size 50
result mean 12753.1
result std 1618.29
