Running ./ParallelOptimized with initial sample size of 100
401
397
360
2128
386
6601
356
378
379
386
360
367
368
367
374
373
381
371
3679
382
371
8839
364
376
374
375
376
383
366
378
366
363
2774
382
374
382
377
404
420
369
377
361
359
367
366
379
846
384
1415
363
357
361
374
373
378
375
363
367
416
357
547
360
357
367
353
385
371
371
364
365
375
468
362
374
371
366
5548
368
366
359
368
387
383
372
373
358
365
366
371
354
357
365
369
444
370
368
479
371
369
359
std 1224.23
mean 664.9

Running ./ParallelOptimized with Calculated sample size of 5210
361
545
365
442
356
372
369
376
360
362
8119
386
374
371
371
379
383
384
366
369
398
354
381
375
367
367
364
380
368
363
462
366
375
362
368
363
370
361
374
366
374
378
385
379
371
369
370
366
374
373
369
378
392
369
379
387
384
439
386
383
376
387
387
376
369
370
375
361
369
364
368
2646
366
461
380
380
477
367
371
363
370
363
375
357
378
371
1822
5939
375
369
380
424
367
366
379
373
354
405
371
367
362
352
352
371
369
364
357
371
368
367
363
375
364
374
450
358
373
363
355
370
367
361
370
366
370
368
381
362
369
388
376
411
463
376
376
369
374
362
365
372
2450
369
369
374
361
357
368
375
379
381
356
468
384
381
371
367
364
7254
380
372
363
364
363
383
366
370
364
354
380
8177
380
366
361
363
444
8716
393
368
372
9477
377
365
370
392
378
365
370
479
381
362
371
369
387
376
362
359
374
372
381
367
365
364
374
378
379
382
365
379
372
374
385
363
357
367
370
368
362
376
377
382
371
382
381
367
381
480
360
378
373
375
648
375
376
367
368
372
360
357
369
366
382
359
363
383
378
383
353
377
372
368
357
358
380
370
371
368
375
378
363
364
4858
571
368
366
377
409
368
388
366
361
379
371
374
362
365
364
364
365
367
377
368
374
372
372
388
364
362
406
378
367
360
368
412
391
375
371
373
378
380
358
363
367
371
369
375
372
372
373
384
458
382
370
369
371
376
373
375
423
379
418
380
371
387
382
356
366
364
365
374
372
382
386
1933
373
384
393
373
369
378
361
8863
1982
377
372
375
361
369
372
368
368
362
365
372
367
366
373
404
353
351
373
374
393
364
371
376
375
417
383
367
375
376
372
362
375
375
370
370
362
365
367
373
373
364
401
366
363
360
368
378
367
366
352
361
464
361
360
367
376
363
368
364
361
373
366
377
375
369
362
378
376
377
379
368
378
381
464
375
357
373
365
362
376
372
357
367
368
382
379
364
379
372
379
371
347
368
373
377
395
364
7883
379
368
371
366
372
367
429
361
361
368
368
365
363
373
377
359
353
367
369
376
364
353
353
387
378
375
372
371
363
371
380
367
370
383
359
369
364
368
369
363
374
389
375
364
374
381
382
364
365
382
387
379
376
360
382
378
360
362
367
391
369
376
358
365
2133
374
366
449
403
375
379
384
374
377
384
385
386
356
367
373
388
376
363
359
376
378
407
371
366
376
387
378
372
367
372
368
365
368
3384
379
1887
385
2123
362
5077
373
387
354
364
427
368
370
362
366
359
364
371
6382
1836
369
372
431
367
387
370
357
377
377
373
368
364
448
358
2629
370
385
365
374
370
369
420
365
368
370
371
378
413
374
371
371
371
379
379
364
371
377
371
361
360
1422
409
372
384
2593
379
361
358
2477
380
367
378
2540
369
363
370
752
794
356
698
377
362
369
368
373
377
385
365
375
735
377
363
375
386
377
372
382
376
360
6340
381
375
375
363
436
355
358
370
371
371
361
372
370
372
371
374
378
392
362
374
370
370
361
363
375
389
370
649
374
362
376
370
362
364
365
1144
377
382
388
384
380
433
702
2664
374
708
5904
7596
391
370
369
389
365
381
1503
370
377
6146
1976
374
371
380
373
380
1786
382
2133
386
377
2285
375
376
364
367
374
370
377
9484
4420
382
2649
2179
2325
1577
374
380
370
549
7424
395
377
371
915
377
368
360
373
2137
623
372
370
410
6684
388
873
374
365
378
2975
375
358
366
554
381
356
364
369
375
443
375
357
373
573
376
375
354
369
366
447
370
368
367
374
390
362
364
384
363
400
379
1637
373
1493
362
407
1875
417
379
369
363
679
366
371
359
375
362
356
364
824
392
374
389
455
1998
698
369
380
369
375
373
360
547
368
372
369
369
376
366
369
369
368
369
361
445
363
374
368
372
403
2215
369
370
371
6862
365
372
358
362
370
365
365
361
362
359
358
367
394
354
1746
365
370
365
368
372
359
370
374
373
367
1851
370
388
1925
378
368
373
368
384
364
370
361
354
374
365
372
371
364
367
369
384
381
393
369
373
386
366
378
2163
368
365
363
367
361
376
385
381
368
382
367
367
382
374
382
383
365
24763
12714
9626
9747
365
3924
7987
383
371
2133
1445
7686
371
373
1898
8588
7873
8702
9874
381
380
395
2794
363
367
2592
361
376
375
386
362
1287
439
355
377
366
381
466
384
379
367
380
372
373
367
435
383
365
382
378
369
559
377
576
579
376
377
355
4169
351
386
363
361
432
376
372
368
372
387
364
356
368
363
382
371
379
372
362
9824
376
1399
372
372
369
4120
2441
378
363
683
365
1283
398
377
377
513
365
864
781
388
365
367
458
379
619
427
375
355
372
6501
377
378
371
382
376
387
381
373
387
378
370
2061
3171
374
372
364
2255
376
388
378
365
369
386
502
383
364
358
378
388
416
1664
377
940
365
394
3183
372
2125
361
423
1762
388
385
373
641
389
2172
908
5764
3016
2676
373
379
392
1966
2112
370
632
368
1986
524
1376
370
374
372
362
366
360
360
363
368
368
374
382
373
363
373
378
370
6646
365
367
361
357
361
363
3985
373
369
1557
375
364
376
373
377
372
372
5429
5848
372
356
386
373
395
357
381
379
369
373
376
360
364
365
367
369
465
374
377
369
364
374
388
368
373
357
376
366
11930
380
373
358
363
393
368
3713
361
380
374
3538
507
379
367
369
367
380
385
379
374
377
376
378
383
1441
379
377
359
374
7095
375
364
360
361
394
354
375
362
601
376
390
378
373
373
379
367
378
387
381
376
372
421
371
357
356
384
370
377
548
364
366
356
367
367
551
371
361
372
373
515
365
382
368
368
1786
1973
400
2114
357
7749
373
387
391
371
401
382
386
383
388
365
365
387
376
380
364
373
414
378
379
374
377
448
360
364
369
385
384
366
384
1548
370
379
373
391
367
357
371
363
373
397
380
382
371
367
407
371
355
368
388
457
363
377
366
374
368
368
365
361
358
370
379
387
375
371
359
366
409
363
378
374
368
371
367
361
366
365
360
383
403
373
361
365
363
404
370
460
376
357
490
376
379
372
370
385
375
375
366
373
370
357
358
364
351
7890
380
386
374
361
811
382
365
367
368
365
374
364
386
376
360
374
380
367
454
361
357
376
1953
372
373
363
375
369
10067
3711
6827
382
378
2188
2473
4573
378
371
369
375
2147
352
381
371
365
361
374
359
383
372
378
366
366
457
379
372
362
381
383
9646
9559
380
375
365
396
7993
7071
2143
369
363
362
375
376
376
366
353
362
407
361
359
1641
378
363
370
373
372
381
366
375
366
12449
386
365
367
361
389
352
355
366
370
354
348
375
366
364
361
361
376
362
383
364
360
379
359
358
372
368
368
367
448
362
373
364
365
363
371
376
368
363
368
1536
553
357
367
365
370
5946
1869
381
374
372
362
361
380
375
381
379
365
2444
374
366
372
386
368
384
368
357
2362
367
371
367
377
374
1421
386
362
360
363
379
373
369
375
694
377
367
366
363
349
379
8161
374
368
390
418
359
369
374
370
366
373
387
364
378
362
370
366
362
350
351
375
355
588
374
379
374
370
675
357
349
356
368
359
1044
365
372
364
457
378
369
365
449
367
354
363
360
353
485
3884
366
352
351
398
4453
775
393
403
366
359
373
648
382
377
363
395
360
4039
367
364
1050
501
380
373
379
468
358
362
677
372
368
8239
374
355
369
369
372
374
367
362
8624
369
364
369
381
364
365
363
365
361
380
374
367
582
387
370
356
374
363
356
375
1527
371
375
379
368
393
367
364
360
370
368
352
354
365
388
372
369
378
364
459
356
371
367
374
365
378
370
356
365
361
374
1839
381
375
371
372
382
367
359
369
366
387
394
376
365
367
362
374
396
356
366
365
372
368
376
389
365
364
405
385
368
358
372
360
360
374
390
359
1271
370
359
369
369
376
381
376
370
364
397
365
363
366
360
366
371
410
363
381
360
367
373
363
376
368
387
375
377
360
375
356
388
372
380
362
353
371
374
438
357
446
410
351
369
366
372
372
389
377
369
423
375
393
384
373
353
362
363
361
361
365
379
371
360
359
5709
381
382
359
356
392
360
352
374
372
1016
363
370
1516
389
372
365
360
360
375
366
351
386
373
361
377
7884
359
377
1158
368
377
1863
378
458
805
392
374
371
1094
367
375
350
4155
367
373
365
371
375
364
373
355
396
391
382
393
365
368
381
484
360
362
377
366
362
359
369
369
367
365
421
362
369
375
378
733
365
366
369
369
460
366
3626
378
370
369
367
409
364
387
370
356
8042
2058
1819
381
368
371
374
377
380
373
361
659
357
364
362
1269
5870
380
370
9036
2026
5938
370
2123
387
369
369
368
367
365
365
366
371
371
371
369
366
359
372
371
376
369
417
357
3734
370
376
709
378
371
361
366
372
366
385
368
373
387
362
369
6173
375
392
360
355
367
1770
1989
361
355
366
357
376
2142
379
380
354
378
376
385
362
370
369
361
347
370
1963
357
358
368
373
368
384
1067
362
564
384
373
379
434
371
366
368
365
363
367
364
361
354
1191
361
369
369
429
388
358
361
361
373
361
367
376
384
387
372
387
358
379
373
358
375
363
364
421
368
370
363
370
374
380
359
374
370
425
372
380
371
3146
376
364
365
369
405
386
372
367
375
378
390
364
367
778
364
377
390
366
367
360
378
372
369
368
371
358
377
361
367
375
371
415
376
390
369
372
380
389
392
370
360
361
359
366
363
360
371
370
395
376
377
350
367
365
363
374
364
362
372
359
392
358
376
368
367
429
372
369
366
367
379
392
359
363
384
365
364
374
367
369
361
359
398
367
371
368
378
379
8310
491
410
374
375
366
380
403
366
369
360
361
378
369
362
362
379
381
370
390
382
377
389
369
362
383
358
373
355
361
371
365
362
372
418
367
380
357
372
9870
379
376
369
360
361
376
363
366
377
377
482
384
362
376
360
368
364
360
355
372
355
364
368
405
374
375
362
365
366
353
366
366
363
378
364
376
1020
386
407
382
369
7711
388
385
1449
2737
2153
386
381
367
375
379
369
8287
3625
374
376
553
363
433
496
392
384
8751
383
361
369
1391
389
369
369
368
361
414
371
386
363
369
375
376
366
370
364
366
372
385
363
385
1456
365
364
374
368
377
357
362
364
365
363
766
360
8218
1238
385
374
369
373
355
358
374
375
375
375
401
875
9442
2189
391
381
952
379
405
370
365
361
410
1150
368
437
367
520
382
387
533
371
383
371
383
1868
374
368
362
379
446
370
387
383
361
377
365
353
361
365
367
356
359
350
461
1459
365
371
365
367
357
376
360
1452
401
363
362
380
374
366
363
368
366
436
747
385
408
368
3971
383
387
362
372
381
355
365
1535
365
360
454
361
373
388
369
382
378
372
368
389
367
362
372
365
369
368
356
367
380
430
353
369
373
356
372
364
365
359
5153
378
366
368
368
370
380
364
367
361
367
362
366
367
371
362
356
368
414
362
364
363
377
366
372
386
363
374
382
377
356
380
366
362
365
368
364
444
380
367
1275
376
376
374
382
384
375
362
355
368
368
362
450
357
366
360
357
357
360
383
360
354
381
358
359
368
361
366
363
361
355
368
360
355
2156
381
378
371
370
357
351
377
382
380
361
387
371
370
373
387
390
366
368
364
358
369
361
372
365
357
373
373
367
362
383
377
375
367
359
358
375
375
374
371
375
367
363
370
364
358
371
379
366
376
481
363
356
357
371
378
374
369
369
379
448
385
360
373
374
406
376
379
379
367
444
365
384
368
375
379
352
359
382
364
459
371
375
438
364
369
366
443
386
368
370
390
378
370
367
373
364
376
371
381
378
369
371
819
3518
1991
382
387
368
362
353
1992
382
369
369
573
375
374
369
387
386
397
366
379
363
368
388
378
372
374
381
363
377
373
1936
375
377
362
369
357
364
371
389
361
3774
379
380
1324
2013
368
367
373
386
389
366
370
362
369
432
359
374
364
385
368
373
371
1783
352
365
369
374
374
362
361
362
360
360
385
423
382
389
367
430
380
358
374
377
370
370
6388
362
370
364
1438
365
363
374
369
368
439
373
366
390
366
376
357
10187
378
3447
369
383
378
376
373
381
381
387
382
376
368
360
373
382
368
383
378
398
367
7796
374
1298
369
374
364
377
367
370
372
374
363
372
357
360
367
367
378
375
352
377
379
388
376
1485
385
375
367
365
378
369
368
381
379
456
387
373
370
548
3765
380
365
367
387
377
358
372
366
376
372
364
379
362
379
401
370
360
364
379
375
358
361
378
374
376
364
382
362
378
367
384
360
390
390
2205
373
368
380
371
371
473
368
377
377
378
374
379
360
377
374
367
389
373
372
362
370
377
380
364
365
364
387
379
364
359
360
361
373
368
375
370
371
375
363
388
372
369
403
364
370
371
368
375
366
414
368
361
367
377
361
362
362
372
366
387
372
368
371
377
375
376
359
367
372
374
364
371
373
355
372
357
374
361
361
383
363
369
642
365
387
382
382
433
356
385
369
371
377
369
412
387
372
569
375
5187
1918
376
381
682
383
363
364
372
373
5867
391
385
377
1284
387
371
381
371
377
392
369
366
376
368
375
378
458
383
379
376
380
373
368
367
368
372
397
372
365
363
378
1858
370
378
375
555
379
378
368
374
365
372
2003
387
369
363
378
367
387
367
366
451
373
1783
363
375
1020
1914
379
373
369
375
366
382
380
370
384
375
419
371
368
380
377
375
379
386
385
374
399
576
385
366
369
362
557
367
373
372
662
379
374
368
2125
357
376
378
361
355
387
366
365
373
363
6574
374
367
367
378
367
2150
372
371
371
366
425
2531
1427
368
3480
1924
380
393
368
360
365
375
380
369
381
388
362
384
2983
371
372
362
384
528
373
381
393
374
404
623
377
366
527
376
362
361
372
363
361
397
392
370
387
376
368
370
448
385
361
377
376
371
369
380
376
370
387
380
358
368
359
375
376
376
377
368
371
358
1437
390
368
362
413
367
379
374
362
360
369
368
364
356
3192
2122
390
379
375
364
380
360
365
385
368
400
374
367
372
762
358
364
701
378
385
363
375
382
357
379
364
374
376
367
382
733
384
371
362
371
390
367
373
390
384
961
384
365
360
382
370
361
356
364
359
366
369
358
450
369
369
364
1480
362
373
374
370
382
365
363
377
361
362
362
853
359
357
378
8985
6745
2123
382
378
1400
1881
379
370
377
378
356
515
373
606
380
370
383
380
2901
378
385
361
388
365
354
383
376
367
371
399
381
368
366
369
370
372
361
364
359
377
365
367
393
377
358
362
367
375
385
370
360
379
1108
378
377
370
357
365
373
364
392
366
374
383
375
434
385
378
387
380
386
363
360
380
367
358
382
387
371
353
367
379
371
430
359
376
358
356
358
362
359
361
353
364
388
378
387
368
364
367
373
378
367
361
503
378
385
355
368
434
379
387
369
365
383
376
375
401
399
372
389
362
354
360
363
390
359
362
372
377
371
376
370
377
1446
372
374
1160
368
3469
371
378
425
367
377
394
380
369
359
373
358
359
363
376
378
6080
376
374
366
365
363
378
364
363
360
363
371
362
364
360
370
365
363
363
362
357
367
404
415
377
366
376
368
388
373
375
370
365
377
420
381
380
371
2535
379
10988
361
375
364
362
367
373
360
678
364
358
363
389
409
391
379
375
393
366
365
367
374
374
14162
7215
19783
14045
7645
8877
16160
9858
9836
7089
8922
11037
378
371
388
597
397
4602
371
367
353
364
381
369
364
373
364
386
368
369
364
374
373
382
374
369
375
382
362
367
379
361
365
365
363
367
371
383
370
6229
390
372
377
363
362
367
359
368
363
361
375
364
362
789
356
366
371
367
363
370
369
361
367
362
371
394
357
355
359
367
363
358
366
368
360
357
368
384
368
358
364
363
408
358
363
359
374
400
365
371
363
357
377
485
372
366
369
366
366
761
1594
372
370
368
374
376
367
368
362
365
381
854
362
422
363
381
374
362
381
384
374
376
386
367
354
1226
362
371
385
385
382
361
391
390
365
370
389
366
358
367
366
387
373
366
367
457
417
368
365
365
373
361
388
362
360
378
363
386
380
376
367
5414
386
367
365
366
365
358
372
1063
372
366
372
371
444
364
372
430
376
359
379
369
383
1130
358
367
388
376
363
356
2182
365
365
386
368
1770
501
379
379
380
360
367
367
370
2479
374
376
367
380
375
7950
380
377
382
387
371
476
377
368
381
366
366
362
10171
380
419
369
379
364
372
358
800
365
363
509
385
373
360
364
358
360
377
355
379
391
351
378
378
376
367
360
353
369
364
363
369
391
369
365
410
388
376
374
357
661
545
374
362
367
372
381
370
373
361
359
365
371
369
374
380
371
383
368
369
364
368
369
373
363
368
384
370
363
371
377
966
390
366
364
851
362
361
370
379
371
378
364
369
373
374
366
356
356
375
366
363
381
364
358
1936
357
372
357
361
357
750
362
369
361
380
370
364
369
347
381
375
370
363
398
506
370
361
360
366
361
359
387
837
352
377
375
370
374
376
391
371
382
365
375
365
363
360
357
358
377
368
368
370
369
370
373
373
362
365
366
376
364
385
385
364
451
377
387
403
385
373
364
374
370
355
385
370
369
372
366
368
369
367
364
374
373
362
377
366
369
369
363
367
377
368
368
361
372
364
375
374
370
364
10337
382
370
373
386
394
369
376
365
362
379
362
366
360
360
401
367
367
362
359
373
384
382
363
3529
370
372
382
386
377
367
367
364
367
381
378
384
371
377
364
363
362
364
369
364
372
380
366
384
365
379
370
363
353
352
359
366
470
377
369
366
360
360
366
355
365
369
367
365
381
367
365
354
375
382
382
377
357
379
375
367
375
373
367
385
373
358
366
388
380
386
377
400
383
367
371
371
374
367
379
369
367
391
375
374
9158
367
384
378
363
381
379
374
373
355
362
360
356
382
387
365
360
6898
7303
393
376
356
372
367
376
370
363
364
366
363
365
458
356
367
366
365
368
359
439
364
382
361
359
369
380
364
384
362
379
370
377
375
372
391
369
358
1565
365
367
1399
375
378
364
356
369
382
371
383
373
413
365
459
365
381
384
387
367
370
386
376
375
377
366
368
369
387
460
568
378
376
360
377
356
363
370
370
367
369
376
3793
378
380
369
371
363
368
366
372
368
373
388
374
375
360
447
392
371
366
380
374
3445
396
364
386
366
366
423
380
377
367
373
520
386
380
364
366
398
366
360
387
379
366
364
351
382
377
366
368
366
5152
382
371
371
376
364
362
392
370
362
378
373
379
371
378
453
381
366
399
383
372
361
424
374
377
384
364
395
368
383
375
760
381
376
368
357
384
368
368
370
373
377
380
366
375
406
368
370
367
360
369
346
439
364
355
365
363
365
360
373
377
375
363
363
370
362
368
386
372
370
363
359
367
372
384
371
375
378
366
365
361
386
362
375
369
541
452
374
364
372
376
357
369
366
371
372
362
355
366
365
381
378
364
393
372
371
400
365
390
378
374
378
362
362
361
359
364
366
363
365
9473
366
378
372
376
365
371
367
369
369
411
365
357
367
376
6764
365
372
365
4383
378
366
383
373
388
365
364
364
8148
1769
378
637
523
2765
378
377
362
516
356
3913
381
383
369
364
6988
365
371
378
1498
6219
373
380
371
364
373
376
375
369
358
361
362
360
363
378
373
487
370
365
369
365
370
385
364
359
358
368
376
364
354
370
368
368
367
408
372
386
372
359
369
361
376
375
381
461
372
382
374
374
376
381
375
363
369
383
370
365
369
365
379
360
372
366
366
362
365
376
357
369
371
385
376
373
445
352
354
379
370
412
368
438
354
386
384
356
3719
2921
380
386
365
1770
383
368
371
370
382
355
369
370
371
360
360
383
368
377
379
357
386
378
361
368
377
450
370
394
369
361
429
356
2704
383
410
370
367
370
379
379
380
373
360
378
450
367
365
375
377
8384
386
760
386
392
369
3146
4243
373
6378
373
379
354
375
2240
375
371
415
373
372
370
361
369
373
363
1822
365
382
362
374
367
368
364
6031
445
441
381
359
371
370
372
401
366
376
360
368
376
377
388
377
368
397
354
369
416
366
367
374
463
369
375
368
366
362
360
361
363
387
372
380
373
370
378
375
371
396
385
372
369
369
367
376
385
357
359
358
362
358
363
380
376
375
378
369
372
366
357
360
365
384
367
375
437
377
377
381
390
377
374
379
374
370
372
379
377
375
362
380
2113
366
390
366
378
373
369
384
378
372
372
386
369
367
360
362
374
367
384
375
378
366
369
369
372
367
367
354
370
365
386
411
368
366
368
379
372
375
392
376
364
361
386
376
361
386
370
368
383
391
368
375
387
386
363
380
375
374
403
371
360
369
365
363
360
353
370
370
396
366
366
4037
384
1650
373
386
375
369
430
359
384
374
372
375
370
368
361
374
360
360
366
363
384
374
376
370
385
366
373
372
377
385
362
367
404
398
371
387
375
374
370
369
372
368
373
386
381
371
362
371
372
387
362
367
381
368
367
364
373
389
369
376
397
378
372
364
365
367
407
378
362
367
366
1060
375
372
367
388
1984
1995
430
363
359
362
402
398
377
371
378
380
378
390
370
377
370
380
377
373
371
379
360
362
369
362
373
378
438
362
366
368
361
352
365
417
360
356
356
363
372
365
360
363
380
370
371
379
372
372
1183
387
365
373
381
399
386
376
364
356
352
343
361
352
373
370
380
381
352
368
375
365
378
359
369
364
2724
384
360
364
363
371
356
992
370
363
366
386
439
367
383
393
369
376
366
369
401
364
369
358
375
372
368
367
370
364
377
372
354
369
369
811
374
373
371
367
380
364
378
363
373
353
375
371
380
460
370
368
349
379
368
412
362
799
379
420
376
379
368
383
379
365
385
367
363
365
364
369
363
367
569
365
367
367
369
432
359
368
365
373
366
367
362
371
360
368
369
382
366
384
364
361
371
374
364
367
359
363
372
467
366
363
363
368
371
370
362
360
363
370
379
362
363
363
374
365
384
385
378
365
365
356
358
360
365
365
380
371
364
373
375
379
10413
366
371
364
371
379
371
373
364
375
396
374
376
362
366
367
365
399
366
364
369
370
374
389
454
368
376
383
378
360
360
368
1051
370
366
380
379
398
376
372
753
350
368
359
383
375
369
434
367
359
4855
384
3447
370
3567
408
388
368
370
413
375
369
372
360
372
374
399
364
372
365
363
366
373
429
379
10520
896
408
386
377
390
623
577
386
363
371
355
356
367
371
355
368
389
368
361
368
761
372
371
362
367
368
390
377
378
365
374
368
382
363
362
368
353
364
382
376
361
385
379
373
377
390
372
382
413
382
367
367
364
374
387
356
371
366
359
374
373
355
368
376
370
744
365
380
362
372
382
375
359
362
370
364
371
370
373
370
367
367
372
366
373
369
406
415
363
372
368
372
362
347
381
363
457
381
366
371
369
367
373
360
360
369
374
370
387
359
357
366
370
445
380
366
378
373
365
361
371
360
367
379
362
371
369
388
366
369
371
386
365
362
374
365
380
372
361
392
374
359
378
383
358
385
377
376
455
359
369
377
371
356
369
379
380
446
369
371
388
363
380
382
367
376
379
371
368
356
358
369
370
373
359
372
375
367
377
378
360
386
363
368
367
374
371
363
360
371
365
385
377
386
371
380
372
371
356
394
367
372
375
375
367
382
372
381
411
368
375
388
371
368
376
363
367
367
370
373
4387
365
367
375
385
388
357
366
380
4541
361
383
3264
374
362
387
2547
381
377
2340
357
374
368
371
367
368
360
364
360
348
372
378
368
365
378
579
375
369
5750
379
384
365
375
384
742
358
360
382
387
369
364
1421
380
365
1266
1768
1504
370
364
375
362
402
501
373
378
383
377
385
364
379
387
369
379
368
374
380
359
371
460
370
435
374
385
387
1922
367
357
363
375
378
374
634
371
366
395
376
359
361
372
374
383
437
362
376
371
376
373
375
450
377
368
377
373
372
369
352
366
362
366
367
355
762
369
364
365
374
376
371
359
356
373
385
358
357
377
398
376
sample size 5210
result mean 623.862
result std 1260.97
