Running ./ParallelOptimized with initial sample size of 100
23723
25531
21950
25504
26081
25628
26258
25199
25631
21786
22130
23598
23783
25159
26183
22143
25210
21827
23753
23677
26165
29552
25834
25277
25431
23714
23625
21843
23528
23566
21622
34863
23949
23816
24203
24717
21974
21970
32225
23069
25173
22142
25207
21773
21900
26337
25191
22005
26355
25273
24397
21885
21865
21632
21903
21892
27582
23712
30117
22547
26039
25229
22346
24942
22075
22044
25538
25286
23527
23563
26994
25152
22206
21933
25477
21641
22121
29230
21974
25647
26053
25206
23633
23656
25678
23846
23486
26478
23611
21891
21968
22906
21925
25351
22104
23798
21736
21959
21723
22157
std 2329.37
mean 24167.1

Running ./ParallelOptimized with Calculated sample size of 15
30252
21659
22891
23665
23605
22065
23648
23731
23827
23910
23825
26986
23574
23952
26792
sample size 15
result mean 24292.1
result std 2092.69
