Running ./ParallelOptimized with initial sample size of 100
261837
251419
276871
320369
310484
295372
358898
363014
279386
311925
358761
414969
556653
462832
327791
327125
341536
259134
408870
368552
376715
261865
305549
241058
281668
338088
258227
266675
283228
262493
289016
345088
355232
272089
309709
426433
306734
310873
291443
262125
272944
328985
247562
261937
314635
250598
253131
251204
329209
244382
262987
354279
253606
254807
287027
292895
257745
251817
309371
252956
268788
313218
289799
262513
250730
319442
255707
295642
294813
329363
258090
297242
270443
257324
257337
326081
312268
278760
305698
392431
256420
331077
315632
300560
307832
275384
335028
383557
331488
399863
316955
265605
255456
336883
319966
446871
333459
333782
341150
338888
std 53831.5
mean 307937

Running ./ParallelOptimized with Calculated sample size of 47
349200
296853
362945
329222
349385
285124
312875
297420
286977
284728
288048
283519
258115
255161
314365
250471
264294
271364
287436
246482
262753
299058
252708
257868
268854
364042
369012
329190
263085
284470
270159
298449
253363
270243
278975
255630
252922
264425
288021
253920
284381
267081
303311
248078
271598
314190
286195
sample size 47
result mean 286935
result std 32437
