Running ./ParallelOptimized with initial sample size of 100
175693
176872
175986
205599
193637
185777
182178
193785
175350
178136
212794
194672
196095
187353
181277
183104
182482
177700
191908
259406
271840
186556
174338
196248
212044
Running ./ParallelOptimized with initial sample size of 100
180356
252665
181799
182503
177333
173074
172739
176100
250256
178973
182949
178364
172676
172190
172239
172393
172980
172170
174186
172629
172444
176250
191089
225275
183461
180130
179824
175000
176423
174851
176587
177492
178340
182156
175713
240784
187914
183548
180961
189073
217133
177228
172610
180412
226945
180598
189166
177947
224687
174923
176922
255837
178144
178969
172630
171382
172380
173430
172587
176009
172507
173013
175863
176001
172264
172461
172838
173246
172521
171450
172806
171314
172031
182387
172358
174001
171444
171233
176623
182385
181092
207055
183304
176158
176120
273208
194532
183038
186422
173894
177435
179796
178677
281013
175028
174753
173346
171398
171191
172094
std 22022.9
mean 183941

Running ./ParallelOptimized with Calculated sample size of 23
172611
172317
172072
172172
178837
170206
171620
171150
172099
172342
173419
170507
172011
172208
172851
171756
174475
172493
172469
173198
177721
171118
172921
sample size 23
result mean 172721
result std 1944.59
