Running ./ParallelOptimized with initial sample size of 100
3565
1815
1817
1822
1817
1821
1792
1819
1824
1828
1811
1820
3558
1820
1869
1832
1805
1815
1835
1820
1819
10237
1802
1800
1820
1817
1811
1811
1812
10148
1811
3563
1817
3585
1835
3567
1828
1822
1813
1856
1836
1819
1805
1816
3624
1828
2469
1797
1815
1820
1827
9318
1860
1809
1824
1859
1811
1820
1827
1816
1822
1811
1818
1837
1816
1890
1830
1818
1806
1817
1805
1834
1824
1825
1819
1820
1818
1811
1858
1813
1805
1799
1829
1815
1812
1816
1814
1827
5612
1822
1818
1829
1830
1815
1827
1842
1809
1817
1804
1830
std 1463.86
mean 2213.43

Running ./ParallelOptimized with Calculated sample size of 673
1823
1806
1824
1826
1813
1803
2445
1846
2041
1992
1818
1848
1818
1837
1996
1814
3686
2027
1826
1836
1812
1815
1820
1823
1810
1812
1818
1826
1813
4810
3586
1849
1806
1808
1843
1816
1813
1823
1805
1865
2033
1825
1819
1923
2169
3542
3482
1810
1807
2846
8903
3663
1825
2143
3582
1810
1843
1817
1802
4240
2138
1830
7101
1819
1823
1842
1803
3065
1916
1828
1839
1823
4762
1806
1811
1837
9484
1809
1812
1851
1835
1813
1807
1821
1829
1813
1795
1883
1820
1817
1821
1813
1836
1809
1804
1820
1808
1809
15201
11651
1826
5216
1802
1837
2474
2004
1824
1827
3817
1809
1807
1865
3068
4596
3572
1820
3610
1821
9109
3605
1824
1789
1818
1857
1835
1848
1811
1825
1810
1800
1808
1820
4131
1820
1814
1813
9673
1831
1836
1883
1812
1819
1842
1812
3582
10111
1833
1809
1887
1814
2256
9299
1816
3600
1841
1815
1858
1816
3560
1811
3551
2787
1819
1838
1983
3567
1819
3605
1826
1823
1818
1817
1849
1810
1815
1825
1818
1799
1826
1822
1802
1815
1816
1802
1840
1815
1835
1828
1817
1827
1809
1818
1798
4073
1811
1814
1814
1836
1819
3758
1827
1830
1830
1810
1806
1810
1803
1827
1824
1856
1816
1822
2023
1805
1817
3578
2747
1811
1816
2273
1816
1811
1829
1825
1814
1817
1819
1817
1780
1817
1830
1817
3553
1836
1825
1777
1825
1841
1817
1827
1827
1834
9106
1802
3569
1807
3545
1834
2416
1812
1817
1816
1803
3524
1819
1821
1821
1796
1797
1820
1817
1871
8401
1793
1791
1839
1833
1814
1800
1814
1821
1807
1820
1815
1854
9650
1818
1828
1829
1811
1800
1809
1820
1820
1801
1827
1825
1812
1821
1799
1837
1810
1803
1828
1830
1823
11607
1805
1812
1874
1817
1838
1816
1811
1816
1834
1808
5576
1835
1820
1817
1811
1825
1816
1816
1802
1811
1803
3559
1820
1820
1819
1842
2280
3552
1813
1814
1806
1824
1814
5164
3574
1802
1800
1802
1838
1817
1806
1823
1822
1837
1812
1816
1850
1829
1875
1817
1815
1826
1815
1807
1827
1818
1812
3561
1823
3550
1820
1814
1807
1829
1814
1804
1811
1799
1813
1823
1814
3947
5831
1815
1823
1822
1811
1810
1862
1820
2007
1802
1830
1828
1823
1859
1838
1823
1812
1812
1834
1805
1803
1797
1859
1823
1817
1804
1806
1819
1818
1804
1823
2221
1830
1816
2997
1810
2177
1825
3561
1836
1817
1815
1817
1822
1833
1902
1834
1859
1807
1816
2786
3563
1806
1809
1801
1830
1817
1807
1936
1834
1820
1809
1846
1821
1812
1813
1815
1826
1814
1800
3554
1795
1820
1821
1813
1795
1830
1832
1811
1803
1804
1849
1815
1805
1926
1816
1818
1827
1810
3034
1813
3559
1811
1810
1816
1812
1817
1810
1820
1820
1825
1814
1812
1834
1803
1803
1834
1803
1816
1813
1828
1826
1798
2195
1831
1834
1819
1809
1837
1807
1813
1810
1811
1821
1815
1805
1818
1815
1800
1828
1902
1822
1840
1819
1810
1807
3874
1806
1808
1800
1826
5208
1813
1807
1820
1817
1803
1809
2848
1813
1818
1895
1872
1809
1816
1806
1816
3568
1869
1816
1800
1849
1827
1814
1811
1825
1830
1818
1813
1818
1832
1817
1828
1820
1808
1808
1818
1848
1817
1824
1814
1805
1844
4931
1816
3561
1808
1806
1819
1812
1808
1814
1840
1818
1808
1874
1814
1811
1805
1806
1829
1825
1832
1803
1815
1832
1814
1815
1845
1827
9718
1827
1829
1817
1814
1825
9945
4371
1821
1816
3119
1813
1814
2183
7542
3026
1917
1818
3555
1847
1822
3560
1898
1813
1842
1855
1824
3569
1848
1812
1804
1811
2007
3812
1810
1892
1822
1795
4090
3568
1819
3536
1796
1829
1819
1819
1832
1927
1807
2016
1811
1825
1820
1834
1829
1817
3597
3556
1836
1826
1826
1862
9499
1833
1887
1827
1822
1817
1815
1814
1803
1823
1815
1817
1826
1813
1820
1806
1823
1823
1892
1810
2937
1886
1818
1825
8797
1809
1893
1833
1840
3719
1801
1802
sample size 673
result mean 2242.76
result std 1411.2
