Running ./ParallelOptimized with initial sample size of 100
100604
91104
89638
90526
90424
90144
90146
89832
90765
144908
144994
90206
92714
93973
95727
93761
90015
95842
90114
90078
90605
88273
89549
92519
90182
88741
90161
90025
90154
90951
88564
89412
90013
89973
90049
89948
92005
90186
90600
90996
89885
90106
90201
90207
90253
90106
90121
90772
90318
89655
90097
92020
90127
89981
90084
99236
93592
94645
90031
103764
90048
90227
90160
89812
92573
89808
92589
88829
88476
89887
90004
92331
89881
90899
89537
90112
90165
94828
90520
90093
90112
90151
94594
100242
89635
90086
90611
91063
89965
89930
90097
91946
89942
90219
90099
89772
96520
90067
90197
93708
std 7955.73
mean 92233.6

Running ./ParallelOptimized with Calculated sample size of 12
91545
90086
89744
91825
90124
90233
90132
90128
90200
91043
90691
89841
sample size 12
result mean 90466
result std 640.234
