Running ./ParallelOptimized with initial sample size of 100
50660
41399
29595
35343
40408
45718
48693
37931
35162
31476
44065
43907
43578
50693
30874
57357
54002
59409
37607
41253
55796
38828
32720
50755
50046
41484
50219
37954
29193
16468
29062
34742
41274
23480
39848
49817
43168
53532
29246
51493
43842
36488
37758
43470
43157
28329
29699
40249
30635
33209
44598
71531
56342
45108
51571
45395
49639
61395
53698
25586
40869
49538
33592
45216
46662
46898
63119
45756
57567
44175
57969
43909
47282
44926
21639
39784
40803
33001
38969
41884
38001
43508
54382
40776
45047
52859
38098
31383
37758
39803
35814
38193
44705
29381
50990
25136
34192
37604
49750
41082
std 9631.76
mean 42219.7

Running ./ParallelOptimized with Calculated sample size of 80
20929
43086
38680
26029
56007
52026
36099
34827
27393
42288
35047
48927
52186
63067
36813
38435
30497
33051
36650
38452
42001
42664
38193
56126
39793
31035
47142
38964
36491
48565
35906
26774
39253
44531
37225
34983
21446
36113
39895
41691
37976
42672
35065
36804
38269
32520
34397
27910
23381
31237
29581
26809
37251
22501
34487
30887
30211
25378
26941
18270
18064
19703
22468
19872
17067
19101
23124
19236
19649
18030
27158
32292
28715
29595
31641
26636
26090
25859
19943
19193
sample size 80
result mean 33190.8
result std 9958.45
