Running ./ParallelOptimized with initial sample size of 100
127668
128903
130595
130586
128698
132813
146098
129808
128594
126108
125873
150244
188534
195424
152301
129503
128486
127446
126134
127215
135465
167098
145798
130011
127165
129753
126878
136981
135894
133142
130886
134656
130507
128934
132531
128832
132862
133887
136112
148327
138317
130624
135617
131601
131760
129052
127819
130957
128388
133006
140237
198964
129856
143904
132074
131714
129048
136551
129923
142865
133746
165358
135516
149218
130280
151231
170194
146103
130445
129852
143734
213767
133419
130516
127469
134764
149516
130157
128717
146948
133991
149891
126760
130046
130316
129526
128579
130979
130430
130891
136285
133394
127463
127638
151031
132188
156777
137131
134440
131245
std 15577.3
mean 137690

Running ./ParallelOptimized with Calculated sample size of 20
133115
139442
127752
134246
129719
143179
142538
162154
131112
131876
129058
128351
133611
199700
170537
130633
129605
129043
127475
125896
sample size 20
result mean 138952
result std 17932.4
